      599.12         6.16       567.91
      617.92         6.13       514.30
      563.98         6.24       434.01
      663.13         6.12       425.18
      540.81         6.47       374.00
      615.26       208.58       300.00
      578.16         6.20       282.70
      558.81         6.52       277.00

      565.07         6.15       568.92
      583.01         6.68       446.49
      522.86         6.40       411.96
      569.80         6.54       282.15
      659.74         6.27       273.94

      585.85         6.30       350.29
      739.64        11.25       341.00
      587.87         6.47       289.00
      552.19         4.47       285.00
      541.74        87.22       265.01
      457.49       906.19       263.00

      628.94         6.12       528.90
      619.14         6.84       477.06
      615.28       208.82       476.01
      641.85         6.17       472.85
      667.09         4.18       462.98
      567.95        87.80       448.03
      670.50         6.50       308.00
      586.93        87.44       290.00
      577.91        87.41       262.02

      260.28       499.11       388.08
      559.05         4.11       655.97
      622.94         6.19       536.65
      538.89        87.16       489.85
      575.14        87.81       488.98
      684.79         4.83       401.37
      589.20        87.43       315.00
      615.43       208.50       291.60
      601.26         4.91       265.47

      820.22       102.26       789.82
      634.18        25.12       562.98
      515.89        87.14       493.79
      627.13         6.56       307.46
      678.56         6.79       304.00
      556.88         6.47       282.44
      550.66         6.16       272.00
      552.48         4.81       266.00
      533.27         6.26       257.00

      554.11        87.83       478.94
      634.50        25.69       365.00
      767.68        24.24       305.60
      703.83        16.55       302.92
      619.85         6.48       272.00
      634.31         4.81       269.00

      530.87         6.79       475.27
      658.17         6.85       446.89
      573.04        87.41       390.32
      681.47       145.73       334.29
      615.77       208.32       318.39
      521.19         6.51       277.00

      661.16         6.20       555.70
      603.16         6.14       433.43
      540.97         6.50       384.61
      543.17       162.22       380.30
      557.27        87.72       376.00
      518.22         6.78       360.19
      581.81        87.29       338.03
      602.29         6.14       316.80
      636.13         6.47       302.00
      590.82        87.52       291.43
      655.87         4.71       268.00
      514.07         6.47       260.00

      558.89         6.12       634.71
      522.91        87.09       572.41
      665.15         6.22       422.70
      612.84         6.42       382.22
      628.20         6.45       367.00
      663.80         4.79       358.17
      703.85        16.68       356.87
      530.76         6.27       333.00
      546.35         6.16       267.00

      653.11         6.84       533.79
      521.90         6.17       504.18
      767.88        24.20       504.08
      615.18       208.77       407.26
      739.24        11.15       369.07
      669.94         6.47       328.00
      561.07         6.36       311.88
      654.86         6.24       304.98
      519.20         6.58       298.00
      602.16         6.68       263.74
      639.51         4.19       258.00

      552.71         6.21       414.78
      519.16         6.76       389.85
      551.09         6.47       363.28
      615.75       208.20       343.49
      605.86         6.39       309.00
      534.85         6.39       297.00
      512.46         6.10       267.69
      555.19         6.48       260.00
      522.87         6.50       260.00

      519.80         6.85       511.85
      624.06         6.19       507.34
      546.91         6.80       470.50
      767.39        24.13       394.06
      582.20         6.43       382.80
      615.75       208.20       347.86
      562.13         6.42       305.48
      567.85         6.54       268.00
      636.81         6.50       267.00
      520.81        87.49       264.00

      576.12        87.18       614.27
      625.90         6.19       477.05
      615.26       208.76       373.15
      606.11         6.53       309.71
      524.90         6.49       297.23
      653.48         6.18       289.88
      670.13         6.50       285.00

      586.07        87.09       617.18
      543.88         6.82       547.19
      574.13         6.13       540.67
      560.08        87.15       538.18
      663.02         6.29       453.77
      612.03         6.43       387.16
      666.39         6.19       332.93
      562.25         6.28       312.21
      594.24         6.43       302.01
      682.64         4.82       273.00
      637.07         6.43       264.00
      904.51       510.25       258.00

      616.19         4.18       408.53
      519.19         6.24       397.45
      753.49       102.19       300.00
      642.79         6.30       276.00

      532.92         6.46       417.35
      599.47         4.16       358.58
      529.07        87.63       295.03
      720.69       164.25       283.07
      551.15        87.25       279.00

      642.11         6.16       798.86
      531.18         6.35       403.00
      622.84         6.40       276.26
      615.33       208.46       271.48
      540.58         6.87       263.48
      576.87         6.42       260.00

      528.09        87.89       641.12
      517.08         4.89       591.95
      677.90         6.18       507.52
      644.88         6.88       494.72
      594.88         6.14       488.64
      579.90         4.80       479.37
      559.10        87.75       454.46
      615.50       208.75       381.00
      520.81         6.41       356.62
      605.13         6.50       342.00
      739.68        11.87       338.47
      665.91         6.63       330.00
      534.88         6.68       294.05

      532.93         6.18       590.68
      546.11         6.14       546.75
      549.11         6.21       523.65
      720.76        33.82       422.57
      627.80        11.19       421.74
      620.17         4.52       297.53

      644.90         6.74       467.58
      533.04        87.30       463.85
      632.83         4.14       463.50
      658.10         6.34       438.73
      565.82         6.39       331.00
      518.11         6.42       274.20
      575.94        87.48       264.00
      538.81         6.46       260.10
      533.11         6.48       257.33

      567.12         6.22       442.75
      534.15         6.24       416.30
      640.87         6.49       381.00
      579.07         6.43       319.46
      542.94         6.52       306.00
      615.38       208.48       302.00
      514.07        87.44       292.00
      617.56         6.50       281.40

      654.91         6.82       576.49
      634.21        25.19       549.41
      767.14        24.89       479.62
      541.21         6.16       477.36
      534.91         6.27       346.10
      537.86         4.25       346.06
      558.69        87.28       345.00
      550.96        87.60       311.85
      642.13         6.46       265.62

      552.07         6.82       549.99
      587.91        87.13       541.67
      578.96        87.20       530.07
      605.96         6.70       424.93
      642.73         6.85       356.79
      561.06         6.48       292.23
      541.75         6.49       284.00

      593.94         6.76       576.25
      532.11        87.82       531.90
      635.88         6.20       415.22
      671.31         6.26       350.00
      634.76        25.38       314.56
      739.38        11.28       288.48
      563.28        87.19       276.00
      669.15         6.39       275.00
      539.87         6.47       272.00
      644.62         6.17       271.00
      641.38         6.54       258.20

      514.09        87.88       603.84
      541.83         4.20       391.99
      630.10         6.39       310.00
      668.48         6.25       260.00
      582.25        87.79       258.47
      681.67       145.71       258.00

      536.09         6.11       623.65
      669.04         6.14       595.60
      524.93        87.87       559.99
      655.11         6.83       517.29
      535.09        87.15       463.48
      647.13         6.81       442.15
      538.87         6.16       438.68
      514.87         6.38       338.19
      625.95         6.45       338.16
      571.88        87.51       331.16
      615.29       208.63       321.00
      605.11         6.55       305.68
      563.87        87.35       296.00
      662.87         6.54       296.00
      681.43       145.26       288.08

      586.88        87.09       533.89
      615.28       208.85       384.93
      633.06         6.48       269.00
      524.06         6.47       268.00
      572.00         6.52       264.57
      563.12         6.51       259.91

      330.15       510.86       448.82
      645.92         6.09       730.04
      558.03        87.08       667.45
      584.24         6.12       410.96
      691.86         4.74       352.26
      657.93         6.57       295.00
      572.25        87.32       293.00
      614.17         6.46       282.38
      549.82        87.70       281.95
      584.81        87.51       280.00
      648.61         4.31       257.00

      647.95         6.14       530.64
      529.93         6.46       405.42
      658.68         6.17       374.36
      586.10        87.31       353.96
      615.38       208.72       349.00
      570.07        87.55       290.00
      551.81         6.51       276.00
      589.54        87.75       273.00

      664.11         6.87       496.18
      674.09         6.25       387.67
      681.28       145.18       345.96
      534.54         6.32       340.00
      676.87         6.43       305.27
      583.76        87.33       279.00
      530.49         6.23       267.25
      650.14         6.31       266.43

      538.90         6.83       469.26
      592.82         6.18       380.46
      519.01         6.43       379.16
      681.72       145.81       360.12
      581.86        87.39       337.00
      647.94         6.51       319.37
      669.09         6.47       314.91
      564.90         6.51       284.93
      615.50       208.50       278.00
      533.07        87.66       276.00
      567.32         6.47       262.09
      537.13         6.46       259.18

      579.94         6.09       590.02
      532.87         6.09       501.64
      533.95         6.24       434.20
      552.07         6.36       366.00
      681.55       145.62       326.91
      598.13         6.51       312.00
      650.34         4.24       278.75
      674.07         6.47       276.00

      579.07         6.87       577.26
      625.13         6.10       541.15
      669.35         6.17       503.80
      642.97         6.58       457.63
      653.24        32.16       379.06
      535.08         6.38       318.85
      525.81         6.49       310.00
      556.81        87.44       292.00
      573.08        87.38       278.24

      449.21        52.82       397.17
      535.97         6.21       511.63
      642.19         6.77       486.42
      520.15        87.88       480.78
      550.12         6.15       456.91
      615.54       208.23       381.71
      515.95         6.53       326.09
      548.12         6.18       288.00
      583.13         6.45       284.08
      665.13         6.48       277.15
      664.10         4.69       275.00

      604.09         6.10       526.38
      560.04         6.43       406.26
      517.96        87.18       354.10
      557.42         6.23       324.43
      558.93        87.43       261.00
      554.50       135.69       260.00

      634.86        25.11       538.42
      602.05         6.23       503.21
      558.09         6.82       486.67
      568.08         6.45       429.48
      651.09         6.69       406.74
      661.25         6.49       304.00
      636.14         6.50       294.01
      579.84         6.35       284.09
      582.00        87.48       256.20

      584.90         6.13       529.41
      667.92         6.70       466.21
      599.14         6.84       435.40
      653.62         6.19       427.05
      604.93         6.25       383.97
      613.06         6.48       383.06
      681.24       145.82       367.21
      621.33         6.82       291.00
      512.87         6.53       285.33
      572.87        87.47       263.00

      549.90        87.16       620.96
      582.87        87.75       436.97
      753.77       102.17       412.11
      666.05         6.48       364.76
      663.85         6.29       342.16
      557.94        87.49       330.26
      518.07         6.46       314.00
      615.68       208.75       300.00
      559.18        87.64       299.00
      577.13         6.47       271.00
      546.52         6.26       268.21
      646.50       442.31       259.00

      548.93         6.16       626.66
      659.05         6.41       457.89
      601.67         6.12       438.57
      602.04         4.43       402.36
      647.52         6.83       280.31
      640.07         6.47       272.00
      567.06        87.50       256.00

      596.95         6.15       636.61
      590.94        87.18       478.84
      738.60         4.84       291.00
      615.43       208.50       280.84
      648.21         6.49       278.99
      681.44       145.76       274.53
      617.83         6.49       273.90
      571.87         6.40       272.00
      676.63         6.23       265.00
      555.93         6.31       258.35
      648.26       564.45       487.13

      702.69       113.23       633.38
      549.01        87.18       551.33
      561.86         6.85       532.68
      555.92        87.83       502.68
      620.13         6.16       490.90
      739.13        11.85       484.52
      615.81       208.89       461.61
      676.05         4.34       436.97
      681.27       145.21       401.53
      720.23        33.74       341.41
      609.20         6.55       315.00
      590.82        87.50       281.84
      663.94         6.48       276.00
      566.42        87.26       268.00

      522.90         6.17       598.50
      682.07         4.17       503.25
      525.33         6.18       383.48
      589.21         6.73       332.03
      681.49       145.88       331.63
      674.79         6.26       303.44
      669.11         6.65       299.06
      678.60         6.12       283.01
      655.46         6.76       269.71
      535.26         6.58       258.00

      578.05         6.11       591.80
      568.83         6.12       468.52
      665.04         6.19       438.86
      616.90         6.63       417.59
      615.77       208.19       389.00
      634.22        25.20       368.52
      581.15         6.27       368.10
      647.05         6.49       354.71
      543.07         6.39       351.61
      582.91        87.36       327.00
      574.17        87.37       300.86
      592.49         6.25       267.00
      553.87        87.47       260.00

      609.09         6.11       525.53
      647.90         6.14       518.70
      615.48       208.75       430.00
      642.96         6.29       416.27
      676.94         6.49       373.75
      767.66        24.26       324.21
      681.31       145.51       300.00
      513.56        87.20       285.37
      658.06         6.41       282.00
      632.48         6.19       267.00
      554.83        87.63       265.35
      515.49         6.19       262.00

      619.89         6.85       616.07
      513.96         6.20       505.46
      541.90         6.16       498.44
      662.78         6.83       415.91
      595.00         6.69       390.88
      539.93        87.51       369.41
      557.90        87.49       352.33
      739.30        11.13       347.02
      646.93         6.58       310.69
      565.06        87.48       260.00
      578.70        87.21       258.86
      525.07         4.55       257.00

      617.90         6.80       564.13
      523.08         6.17       497.27
      615.08         6.26       476.86
      584.08         4.78       462.97
      626.90         4.18       455.48
      658.04         6.36       409.22
      589.13        87.47       392.00
      601.14         4.40       373.55
      615.51       208.81       316.00
      602.87         6.52       281.00
      688.23         4.30       280.03
      572.25        87.49       277.00
      598.12         6.48       261.91

      537.92        87.13       573.78
      565.06        87.17       529.59
      739.82        11.21       505.67
      566.87         6.14       462.15
      572.18         6.63       449.30
      674.56         6.23       347.58
      669.86         6.41       334.00
      544.83        87.31       310.10
      591.20        87.56       304.00
      631.23         4.79       300.49
      545.07         6.53       292.22
      658.12         6.49       282.55
      533.81        87.51       273.00
      578.20         6.72       270.00

      575.06         6.15       533.21
      660.22         6.80       400.50
      568.07         6.58       377.75
      661.86         6.68       371.68
      652.25        49.32       270.00
      514.59         6.19       264.72

      556.10         6.10       545.85
      547.14         6.10       498.07
      611.09         6.24       448.42
      521.82         6.16       429.58
      615.83       208.22       426.35
      681.37       145.85       409.74
      516.12        87.48       294.40
      570.11        87.63       286.02
      584.94        87.50       271.00

      545.09         6.18       461.32
      558.09         6.68       418.93
      538.81         6.50       354.00
      602.50         6.19       344.00
      541.19         6.20       291.00
      578.06        87.50       285.00
      593.47         6.23       264.79

      569.37         6.23       390.24
      649.92         4.78       374.76
      593.48         6.32       315.00
      552.13         6.48       275.00
      606.84         6.73       271.83

      677.04         6.87       618.36
      573.12         6.14       550.03
      525.96        87.13       542.24
      539.08        87.14       522.19
      646.11         6.79       458.12
      523.92         6.17       456.84
      540.10         6.78       417.25
      615.28       208.74       395.35
      678.49         6.19       391.08
      669.59         6.12       366.03
      619.56         6.66       301.53
      577.88        87.51       292.09
      641.73         4.19       257.12

      537.11         6.20       696.62
      566.06         6.81       540.75
      615.53       208.66       350.00
      681.26       145.79       347.26
      526.46         6.24       304.98
      546.50         6.25       287.00
      591.87        87.50       282.00
      644.65         6.23       280.00
      552.87         6.55       274.00
      694.86         4.41       270.19
      591.13         6.50       256.00
      361.81       968.23       680.24

      597.89         6.16       572.77
      629.96         6.17       546.25
      571.11        87.83       460.33
      585.20         6.16       448.17
      677.73         6.20       369.42
      559.48         6.25       290.00
      681.45       145.73       288.70
      615.50       208.69       262.00
      560.51         6.19       256.00

      659.10         6.19       609.35
      590.08        87.16       546.76
      573.89         6.13       529.60
      515.84         6.84       516.33
      539.08         6.14       514.96
      590.16         6.28       472.37
      567.19        87.55       370.00
      585.10        87.30       368.39
      602.95         6.46       357.26
      615.48       208.75       305.00

      585.09        87.13       528.74
      520.09         6.18       512.40
      545.11         6.87       505.32
      554.08         4.54       392.67
      615.70       208.84       370.28
      564.69         6.29       308.96
      554.87         6.45       287.15
      513.88         6.50       263.06

      645.01         6.09       640.62
      588.06         4.90       575.36
      646.12         6.18       450.48
      609.40         6.83       417.76
      577.73         6.23       353.74
      564.81         6.44       336.00
      658.95         4.49       331.50
      557.14        87.61       324.75
      581.07        87.66       293.22

      550.07         6.85       643.11
      512.90         6.17       589.04
      615.47       208.73       376.06
      541.90         6.54       369.38
      602.14         6.28       325.00
      538.16        87.55       273.00
      655.07         6.38       267.44

      521.05        87.16       598.19
      532.88         6.10       568.80
      558.89        87.13       514.70
      514.12         6.52       313.99
      681.69       145.50       280.00
      556.49        87.20       257.00

      794.55       252.71       714.88
      665.12         6.81       540.20
      557.96         6.58       467.67
      525.04        87.23       465.49
      546.14         6.17       441.59
      576.09        87.68       440.53
      652.14         6.18       438.31
      520.04        87.49       397.82
      602.92         6.26       393.67
      681.82       145.75       391.88
      672.75         6.54       302.61
      526.43         6.15       275.88
      601.51         6.81       262.00

      535.02        87.79       446.59
      615.23       208.78       411.46
      531.12        87.45       348.20
      681.33       145.71       309.00
      566.21        87.27       302.00
      587.16        87.18       281.00
      570.20         6.45       280.00
      521.89        87.48       273.73

      566.96        87.20       664.20
      597.90         6.22       619.06
      570.84         6.19       525.92
      675.12         6.86       511.20
      739.27        11.09       438.19
      570.92        87.16       426.49
      681.26       145.75       323.59
      554.50       135.25       305.00
      664.99         6.57       260.00

      449.47        52.70       331.81
      545.94         6.88       592.55
      528.88         6.81       454.74
      667.70         6.88       412.54
      668.31         6.16       402.21
      615.28       208.61       298.09
      638.84         6.63       287.00
      554.08        87.46       268.00

      540.11         6.14       550.71
      567.90         6.83       499.05
      512.83         6.24       366.25
      660.07         6.53       294.00
      615.48       208.64       284.00
      681.48       145.26       271.00
      571.11         6.56       263.47
      517.33         6.18       261.37

      588.92         6.88       547.11
      615.78       208.73       360.39
      664.48         6.81       305.00
      560.09        87.61       278.00
      523.82        87.33       275.00
      681.35       145.36       271.61

      674.22         4.90       469.43
      652.50         6.25       447.00
      665.87         6.54       342.00
      681.68       145.76       293.00
      546.00         6.46       263.45
      524.66        87.11       259.59
      516.18         6.36       259.12
      519.80        87.22       257.28

      527.99        87.13       747.18
      570.95         6.12       665.98
      581.83        87.17       450.89
      555.90        87.58       393.02
      637.11         6.46       330.84
      535.75         6.46       324.00
      642.06         6.51       311.00
      587.48         6.16       294.12
      566.93        87.45       278.00
      565.47        87.16       277.12
      583.40        87.80       263.10

      577.94         6.16       517.47
      514.87        87.61       391.85
      601.97         6.48       377.31
      549.82         6.64       374.00
      559.91         6.41       306.00
      513.73         6.19       284.00
      542.07        87.46       274.00
      522.50         6.19       262.00
      167.47       840.68       634.00

      605.90         4.87       546.89
      571.94         6.12       542.82
      669.08         6.17       529.20
      592.10         6.13       522.83
      603.86         6.85       442.76
      730.19        15.12       395.67
      527.95         6.35       394.29
      627.12         6.56       298.77
      542.15        87.55       274.00
      675.00         6.47       268.94

      562.07         6.79       478.74
      681.19       145.79       406.43
      530.95        87.56       403.18
      514.19        87.51       281.00
      559.88         6.53       265.82
      697.89         4.59       264.12
      615.79       208.58       261.68

      551.12         6.22       454.61
      676.94         6.47       321.00
      626.11         6.45       296.40
      560.14         6.48       283.00
      576.22        87.35       277.29
      739.71        11.16       271.00
      659.79         4.70       266.00

      705.89         4.87       492.18
      615.68       208.23       339.76
      642.20         6.18       298.00
      592.81         6.75       287.80
      543.87         6.34       267.60
      611.90         6.49       265.24
      660.87         4.47       258.30

      375.41        67.64      6224.43
      381.51        71.70      5467.97
      376.50        70.63      4696.74
      377.34        70.66      4614.09
      374.38        58.62      3833.41
      378.36        72.63      2892.62
      377.41        71.29      2384.00
      376.59        65.34      2370.00
      373.36        57.50      1844.00
      373.36        56.63      1663.00
      380.80        71.70      1392.15
      378.50        71.65      1360.48
      375.41        68.29      1304.96
      379.49        71.72      1003.16
      380.48        72.77       955.43
      374.33        59.19       880.33
      377.64        68.30       720.00
      376.07        72.05       541.51
      379.75        72.81       459.73
      374.35        62.81       355.87
      374.30        61.22       281.63
      548.92         6.23       468.89
      669.81         6.51       346.00
      591.91         6.56       317.00
      535.94         6.47       301.00
      560.93         6.46       299.70
      672.52         4.82       272.46

      615.75       208.80       463.85
      677.88         6.83       452.94
      545.09         6.39       332.25
      681.52       145.25       317.00
      558.63        87.23       281.62
      514.69        87.71       277.00
      602.22         4.77       270.00
      575.83         6.20       265.16
      589.76         4.34       261.00

      584.05         6.08       742.18
      613.03         6.88       701.95
      525.93        87.16       581.16
      739.85        11.12       551.19
      517.12        87.14       505.60
      589.88         6.15       453.19
      615.24       208.78       402.96
      681.27       145.84       379.10
      546.18        87.20       375.56
      618.79         4.29       282.55
      767.29        24.27       275.00
      560.19        87.49       269.00
      513.60         4.26       259.00
      630.66         6.66       259.00

      612.87         6.12       624.04
      516.84         6.76       522.51
      614.07         6.53       368.89
      575.80        87.32       358.26
      659.08         6.42       277.31
      558.83        87.70       276.00
      615.40       208.76       266.00
      562.45       511.10       262.67
      524.25        87.48       258.05

      532.10         6.15       658.45
      669.86         6.17       504.25
      617.13         6.13       468.09
      521.85        87.87       430.15
      639.24         6.16       322.45
      657.09         6.41       305.00
      560.83        87.35       290.00
      546.87         6.49       281.00
      545.16         6.63       267.04
      671.62         6.22       264.00
      542.55        87.25       262.00

      618.06         6.15       560.61
      597.13         6.11       535.21
      516.96        87.15       494.92
      563.86        87.15       462.99
      554.24         6.68       285.73
      514.94        87.51       275.00
      625.13         6.42       267.00
      629.16         6.39       263.25

      650.81         6.20       338.50
      512.85         6.39       280.00

      913.59       140.22       775.17
      664.04         6.16       528.66
      642.16         6.85       423.50
      536.35         6.20       329.71
      913.71       142.75       301.23
      554.87        87.42       287.15
      518.20        87.38       282.51
      739.50        11.19       280.00
      596.01         6.40       256.34

      574.03         6.13       567.94
      631.07         6.72       471.00
      563.21         6.17       394.89
      527.18         6.27       391.14
      615.53       208.68       312.00
      513.65         6.23       296.00
      538.00        87.48       291.34

      518.10         6.09       555.89
      627.17        11.14       439.52
      570.05         6.46       381.55
      646.06         6.50       332.97
      542.53        87.75       285.00

      302.84       180.77       618.14
        0.77       488.81       394.97
      603.03         6.10       605.55
      738.85         4.11       552.77
      636.83         6.56       286.66
      565.88         6.49       284.86
      577.89         6.47       273.83
      699.19         4.44       269.00
      548.40         6.85       261.00
      931.50       734.69       282.00

      590.07        87.05       680.02
      609.14         6.84       633.08
      577.90         6.82       517.11
      669.77         6.13       468.66
      529.95        87.66       431.11
      663.18         6.74       364.34
      537.50         6.19       329.00
      613.92         6.40       324.00
      677.81         6.62       310.27
      571.86        87.66       279.00

      527.89         6.14       608.16
      653.13         6.15       476.05
      623.83         6.80       399.04
      615.44       208.20       319.94
      636.06         6.44       315.59
      547.13         6.32       285.63
      571.99        87.39       274.26
      571.87         6.54       264.00
      543.78        87.53       258.05

      645.80         6.13       557.56
      647.16         6.90       503.33
      598.05         6.78       500.97
      661.11         6.19       461.19
      615.44       208.27       393.06
      650.46         6.20       332.16
      626.08         6.40       314.00
      573.17        87.52       275.94

      575.93        87.83       668.69
      566.89        87.80       558.40
      627.14         6.72       529.78
      513.14         6.10       527.32
      615.73       208.78       371.17
      681.19       145.74       354.97
      514.43         6.44       288.22
      619.92         6.37       285.74
      553.26        87.21       276.00

      587.88         6.12       528.43
      681.75       145.17       362.18
      527.64         6.68       332.01
      651.12         6.36       331.47
      676.08         6.58       282.00
      530.86        87.57       275.00
      615.51       208.75       274.00
      562.13         6.59       264.42
      552.19        87.46       263.00
      552.06         6.50       262.00

      552.92        87.11       640.39
      565.04         6.19       526.19
      580.82         6.09       495.62
      644.44         6.76       355.00
      534.96        87.48       338.03
      589.26        87.83       328.85
      554.50       135.50       322.00
      634.47        25.13       305.13
      615.52       208.75       282.00
      593.85         6.59       273.81

      526.11        87.14       599.90
      663.77         6.61       324.33
      648.11         6.47       320.93
      612.75         6.50       294.00
      659.71         6.29       282.00
      730.66        15.22       277.43
      686.49        15.25       266.00
      709.44        60.28       258.10

      636.09         6.15       606.20
      654.87         6.17       478.49
      615.72       208.80       434.94
      518.06         6.39       285.06
      681.59       145.23       281.00
      599.85         6.36       277.56
      592.10         6.41       267.04
      518.55        87.81       267.00
      535.88         6.48       263.68
      610.25         6.21       263.07

      525.50       101.12       640.08
      529.96         6.17       579.84
      521.06        87.81       565.93
      645.10         6.87       509.88
      545.10        87.35       408.94
      661.13         6.55       326.00
      577.50         6.50       312.00
      517.86         6.53       276.00
      586.50         6.68       272.01
      633.13         6.46       269.45

        0.62       488.90       290.86
      634.88        25.11       505.14
      590.79         6.07       492.52
      531.13        87.17       485.20
      529.11         6.65       470.77
      590.13        87.87       449.52
      641.98         6.82       447.24
      640.86         6.82       436.08
      585.93         6.17       419.56
      615.25       208.83       399.04
      644.74         6.45       306.00
      522.87         6.51       280.00
      578.21         4.50       279.91
      544.85        87.39       261.00
      617.52         6.81       257.00

      587.17         6.88       482.36
      615.83       208.83       406.24
      670.82         4.51       277.30
      636.11         6.48       270.69
      549.12        87.20       263.20

      551.85        87.17       398.77
      653.22         6.33       397.99
      669.07         6.55       362.45
      666.13         6.50       274.00

      558.82        87.81       441.17
      658.28         6.32       363.93
      634.38        25.78       360.00
      598.13         6.39       302.22
      681.65       145.27       302.08

      615.75       208.20       376.03
      590.87        87.35       285.00
      618.89         6.44       264.14
      568.86         4.44       262.47
      648.88         6.52       260.09
      543.94         6.51       256.00

      548.09        87.13       587.45
      606.09         6.10       586.24
      611.13         6.18       472.97
      564.20         6.09       454.61
      512.88         6.83       450.20
      616.97         6.31       444.60
      615.53       208.81       291.00
      648.89         6.33       277.49
      539.10        87.37       266.27
      563.84        87.21       264.11
      567.88        87.49       260.09
      444.31       883.34       506.00
